0.7572076320648193
99.47865796089172
206.33123087882996
315.62641048431396
423.24181866645813
531.2789912223816
639.5661294460297
748.672600030899
858.6379632949829
969.4515609741211
1080.5768520832062
1193.526867389679
1307.6551072597504
1424.4340431690216
1539.0850703716278
1654.6961448192596
1770.2375390529633
1887.1902153491974
2005.0378878116608
2128.9638888835907
2255.1292023658752
2381.3393573760986
2507.6287252902985
2636.3644387722015
2766.8719942569733
2899.5097131729126
3039.7273263931274
3189.165318250656
3338.866057872772
3495.3662416934967
3666.1237127780914
3831.1424493789673
4000.4477066993713
4178.56830239296
4344.376667737961
4525.489225149155
4707.894543647766
4902.888063430786
5104.940402746201
5298.217041492462
5504.524595975876
5714.695994615555
5941.559930562973
6158.0940153598785
6384.162921667099
6623.46711564064
6869.092590093613
7136.109098911285
7404.247357368469
7669.75758099556
7949.963699579239
8224.87230014801
8517.673917293549
8803.89446902275
9097.273934364319
9384.634442567825
9680.150306224823
9996.230390548706