0.46759999999999996
0.6035499999999999
0.6233
0.6324000000000001
0.64575
0.6496
0.65105
0.6661499999999999
0.6550499999999999
0.675
0.6661499999999999
0.672409090909091
0.6701250000000001
0.6727692307692307
0.6689999999999999
0.6791999999999999
0.6735625
0.6798823529411765
0.6824444444444444
0.6812631578947368
0.6814
0.6813571428571429
0.6794772727272728
0.6807608695652173
0.682625
0.68698
0.6870192307692308
0.6870740740740741
0.6817857142857143
0.6859310344827586
0.6856833333333334
0.6863548387096775
