21.676499366760254
241.25315499305725
447.4022719860077
650.2076351642609
846.3454604148865
1037.090312719345
1232.2171189785004
1431.6514129638672
1636.3234436511993
1835.9134624004364
2037.119003534317
2247.5008375644684
2472.9654092788696
2719.134957551956
2988.3134944438934
3281.748441696167
3582.208469390869
3914.138837337494
4268.114110946655
4648.239408254623
5027.738932132721
5413.342754602432
5821.157320022583
6233.344977140427
6687.977972984314
7149.673356294632
7602.604186058044
8076.525285720825
8563.800624132156
9063.667595624924
9573.788538217545
10103.665866851807
